# DATE: 2025-01-01  UNITS: real  CONTRIBUTOR: Generated by Python script
# Morse potential for Carbon (C)

MORSE_C
N 238 R 0.5 5.01

1 0.50000 18.10009 72.25017
2 0.51904 16.75685 68.88387
3 0.53808 15.47638 65.65591
4 0.55711 14.25608 62.56089
5 0.57615 13.09349 59.59361
6 0.59519 11.98621 56.74907
7 0.61423 10.93196 54.02246
8 0.63327 9.92852 51.40915
9 0.65230 8.97380 48.90469
10 0.67134 8.06576 46.50482
11 0.69038 7.20244 44.20540
12 0.70942 6.38197 42.00249
13 0.72846 5.60256 39.89228
14 0.74749 4.86246 37.87111
15 0.76653 4.16003 35.93546
16 0.78557 3.49366 34.08195
17 0.80461 2.86182 32.30732
18 0.82365 2.26304 30.60844
19 0.84269 1.69591 28.98232
20 0.86172 1.15906 27.42604
21 0.88076 0.65120 25.93684
22 0.89980 0.17108 24.51203
23 0.91884 -0.28251 23.14905
24 0.93788 -0.71073 21.84543
25 0.95691 -1.11466 20.59878
26 0.97595 -1.49539 19.40683
27 0.99499 -1.85394 18.26738
28 1.01403 -2.19127 17.17831
29 1.03307 -2.50833 16.13759
30 1.05210 -2.80602 15.14328
31 1.07114 -3.08521 14.19350
32 1.09018 -3.34672 13.28644
33 1.10922 -3.59136 12.42038
34 1.12826 -3.81989 11.59365
35 1.14729 -4.03304 10.80464
36 1.16633 -4.23152 10.05182
37 1.18537 -4.41600 9.33371
38 1.20441 -4.58712 8.64889
39 1.22345 -4.74552 7.99600
40 1.24248 -4.89178 7.37371
41 1.26152 -5.02647 6.78078
42 1.28056 -5.15014 6.21598
43 1.29960 -5.26332 5.67816
44 1.31864 -5.36651 5.16620
45 1.33768 -5.46019 4.67901
46 1.35671 -5.54482 4.21558
47 1.37575 -5.62084 3.77490
48 1.39479 -5.68869 3.35602
49 1.41383 -5.74876 2.95804
50 1.43287 -5.80145 2.58006
51 1.45190 -5.84712 2.22125
52 1.47094 -5.88614 1.88080
53 1.48998 -5.91885 1.55791
54 1.50902 -5.94557 1.25186
55 1.52806 -5.96661 0.96191
56 1.54709 -5.98229 0.68739
57 1.56613 -5.99288 0.42761
58 1.58517 -5.99866 0.18196
59 1.60421 -5.99989 -0.05018
60 1.62325 -5.99683 -0.26940
61 1.64228 -5.98971 -0.47627
62 1.66132 -5.97877 -0.67131
63 1.68036 -5.96423 -0.85505
64 1.69940 -5.94628 -1.02799
65 1.71844 -5.92515 -1.19060
66 1.73747 -5.90101 -1.34335
67 1.75651 -5.87406 -1.48667
68 1.77555 -5.84446 -1.62099
69 1.79459 -5.81239 -1.74671
70 1.81363 -5.77801 -1.86422
71 1.83267 -5.74146 -1.97390
72 1.85170 -5.70290 -2.07609
73 1.87074 -5.66246 -2.17115
74 1.88978 -5.62027 -2.25940
75 1.90882 -5.57647 -2.34116
76 1.92786 -5.53117 -2.41673
77 1.94689 -5.48449 -2.48641
78 1.96593 -5.43653 -2.55046
79 1.98497 -5.38741 -2.60916
80 2.00401 -5.33722 -2.66277
81 2.02305 -5.28605 -2.71152
82 2.04208 -5.23400 -2.75566
83 2.06112 -5.18115 -2.79540
84 2.08016 -5.12759 -2.83097
85 2.09920 -5.07339 -2.86257
86 2.11824 -5.01862 -2.89040
87 2.13727 -4.96335 -2.91464
88 2.15631 -4.90766 -2.93549
89 2.17535 -4.85160 -2.95311
90 2.19439 -4.79524 -2.96768
91 2.21343 -4.73862 -2.97934
92 2.23246 -4.68181 -2.98826
93 2.25150 -4.62486 -2.99458
94 2.27054 -4.56781 -2.99843
95 2.28958 -4.51070 -2.99996
96 2.30862 -4.45359 -2.99929
97 2.32766 -4.39652 -2.99655
98 2.34669 -4.33951 -2.99184
99 2.36573 -4.28261 -2.98529
100 2.38477 -4.22585 -2.97700
101 2.40381 -4.16927 -2.96708
102 2.42285 -4.11289 -2.95561
103 2.44188 -4.05674 -2.94270
104 2.46092 -4.00085 -2.92843
105 2.47996 -3.94524 -2.91289
106 2.49900 -3.88994 -2.89616
107 2.51804 -3.83497 -2.87832
108 2.53707 -3.78036 -2.85944
109 2.55611 -3.72610 -2.83960
110 2.57515 -3.67224 -2.81885
111 2.59419 -3.61878 -2.79727
112 2.61323 -3.56574 -2.77492
113 2.63226 -3.51312 -2.75186
114 2.65130 -3.46096 -2.72813
115 2.67034 -3.40925 -2.70380
116 2.68938 -3.35801 -2.67892
117 2.70842 -3.30725 -2.65353
118 2.72745 -3.25698 -2.62768
119 2.74649 -3.20720 -2.60142
120 2.76553 -3.15793 -2.57478
121 2.78457 -3.10917 -2.54780
122 2.80361 -3.06092 -2.52053
123 2.82265 -3.01320 -2.49299
124 2.84168 -2.96600 -2.46523
125 2.86072 -2.91933 -2.43727
126 2.87976 -2.87320 -2.40915
127 2.89880 -2.82760 -2.38089
128 2.91784 -2.78254 -2.35252
129 2.93687 -2.73803 -2.32407
130 2.95591 -2.69405 -2.29556
131 2.97495 -2.65062 -2.26702
132 2.99399 -2.60773 -2.23846
133 3.01303 -2.56539 -2.20991
134 3.03206 -2.52359 -2.18139
135 3.05110 -2.48233 -2.15292
136 3.07014 -2.44161 -2.12451
137 3.08918 -2.40144 -2.09618
138 3.10822 -2.36180 -2.06794
139 3.12725 -2.32270 -2.03982
140 3.14629 -2.28413 -2.01182
141 3.16533 -2.24609 -1.98396
142 3.18437 -2.20859 -1.95625
143 3.20341 -2.17161 -1.92869
144 3.22244 -2.13515 -1.90131
145 3.24148 -2.09921 -1.87411
146 3.26052 -2.06379 -1.84710
147 3.27956 -2.02888 -1.82028
148 3.29860 -1.99448 -1.79368
149 3.31764 -1.96058 -1.76728
150 3.33667 -1.92718 -1.74111
151 3.35571 -1.89428 -1.71516
152 3.37475 -1.86188 -1.68944
153 3.39379 -1.82996 -1.66396
154 3.41283 -1.79852 -1.63873
155 3.43186 -1.76756 -1.61374
156 3.45090 -1.73707 -1.58900
157 3.46994 -1.70705 -1.56451
158 3.48898 -1.67750 -1.54028
159 3.50802 -1.64840 -1.51631
160 3.52705 -1.61976 -1.49261
161 3.54609 -1.59157 -1.46916
162 3.56513 -1.56382 -1.44599
163 3.58417 -1.53651 -1.42308
164 3.60321 -1.50963 -1.40044
165 3.62224 -1.48318 -1.37807
166 3.64128 -1.45716 -1.35597
167 3.66032 -1.43155 -1.33415
168 3.67936 -1.40636 -1.31259
169 3.69840 -1.38157 -1.29131
170 3.71743 -1.35719 -1.27030
171 3.73647 -1.33320 -1.24956
172 3.75551 -1.30961 -1.22909
173 3.77455 -1.28640 -1.20889
174 3.79359 -1.26358 -1.18896
175 3.81263 -1.24113 -1.16930
176 3.83166 -1.21905 -1.14991
177 3.85070 -1.19734 -1.13078
178 3.86974 -1.17600 -1.11192
179 3.88878 -1.15500 -1.09332
180 3.90782 -1.13436 -1.07499
181 3.92685 -1.11407 -1.05691
182 3.94589 -1.09412 -1.03910
183 3.96493 -1.07450 -1.02154
184 3.98397 -1.05522 -1.00423
185 4.00301 -1.03627 -0.98718
186 4.02204 -1.01763 -0.97038
187 4.04108 -0.99932 -0.95383
188 4.06012 -0.98131 -0.93753
189 4.07916 -0.96362 -0.92147
190 4.09820 -0.94622 -0.90565
191 4.11723 -0.92913 -0.89007
192 4.13627 -0.91233 -0.87473
193 4.15531 -0.89582 -0.85963
194 4.17435 -0.87960 -0.84476
195 4.19339 -0.86366 -0.83012
196 4.21242 -0.84799 -0.81570
197 4.23146 -0.83260 -0.80152
198 4.25050 -0.81747 -0.78755
199 4.26954 -0.80261 -0.77381
200 4.28858 -0.78801 -0.76028
201 4.30762 -0.77366 -0.74697
202 4.32665 -0.75956 -0.73387
203 4.34569 -0.74571 -0.72098
204 4.36473 -0.73211 -0.70830
205 4.38377 -0.71874 -0.69582
206 4.40281 -0.70561 -0.68355
207 4.42184 -0.69272 -0.67148
208 4.44088 -0.68004 -0.65960
209 4.45992 -0.66760 -0.64792
210 4.47896 -0.65537 -0.63643
211 4.49800 -0.64336 -0.62513
212 4.51703 -0.63157 -0.61401
213 4.53607 -0.61998 -0.60308
214 4.55511 -0.60861 -0.59234
215 4.57415 -0.59743 -0.58177
216 4.59319 -0.58645 -0.57138
217 4.61222 -0.57567 -0.56116
218 4.63126 -0.56509 -0.55111
219 4.65030 -0.55469 -0.54124
220 4.66934 -0.54448 -0.53153
221 4.68838 -0.53445 -0.52198
222 4.70741 -0.52460 -0.51260
223 4.72645 -0.51493 -0.50338
224 4.74549 -0.50543 -0.49431
225 4.76453 -0.49611 -0.48540
226 4.78357 -0.48695 -0.47665
227 4.80261 -0.47796 -0.46804
228 4.82164 -0.46913 -0.45958
229 4.84068 -0.46046 -0.45127
230 4.85972 -0.45194 -0.44310
231 4.87876 -0.44358 -0.43507
232 4.89780 -0.43538 -0.42718
233 4.91683 -0.42732 -0.41943
234 4.93587 -0.41941 -0.41181
235 4.95491 -0.41164 -0.40432
236 4.97395 -0.40401 -0.39697
237 4.99299 -0.39652 -0.38974
238 5.01202 -0.38917 -0.38264
